100
4
10 5 15 5
2
100 100
8
81 81 81 81 81 81 81 0
6
23 90 40 0 100 9
2
0 0
10
100 0 100 0 100 0 100 0 100 0
10
100 100 100 100 100 100 100 100 100 0
5
70 5 53 47 38
6
60 52 16 80 26 27
7
30 53 7 72 18 1 23
8
32 28 25 27 32 74 52 70
9
84 50 73 24 43 22 58 55 65
10
38 25 71 12 98 61 86 81 85 8
10
95 67 29 4 80 37 55 5 83 63
10
31 88 16 71 89 72 39 8 79 8
10
93 29 5 55 72 12 82 88 24 72
10
35 82 2 15 16 49 95 52 0 23
10
95 56 58 45 23 42 14 15 64 96
10
1 86 70 31 87 20 66 42 87 81
10
27 90 29 81 26 78 59 98 78 87
10
43 39 54 46 72 86 43 40 75 88
10
3 67 15 39 39 9 11 7 87 39
10
21 6 92 35 47 9 15 48 5 59
10
55 46 84 45 23 42 23 47 43 75
10
55 29 17 24 1 45 53 40 47 16
10
32 57 38 18 61 47 63 7 86 72
10
24 55 46 79 80 53 59 78 18 3
10
91 0 18 51 46 37 93 85 36 98
10
67 11 17 59 93 45 6 1 28 8
10
71 6 56 11 1 92 23 81 79 30
10
4 22 14 94 13 16 56 76 69 74
10
39 79 9 93 20 42 54 80 57 8
10
48 36 18 44 40 78 32 38 17 27
10
70 88 31 22 65 29 80 70 35 3
10
84 57 64 66 90 91 8 7 58 37
10
46 46 63 65 94 80 53 14 19 88
10
57 74 45 15 5 5 13 28 73 15
10
38 81 2 54 52 82 10 12 6 36
10
48 61 22 86 8 50 64 90 22 3
10
11 12 37 0 98 21 26 17 85 15
10
60 16 76 56 4 56 33 23 68 91
10
0 0 72 11 33 48 51 40 83 19
10
40 90 97 2 76 65 3 88 57 6
10
42 28 14 84 44 90 76 64 21 86
10
24 82 82 61 81 23 19 52 55 66
10
37 16 2 96 33 41 82 25 87 1
10
50 70 81 15 53 74 3 16 61 76
10
24 91 0 96 84 95 56 73 41 67
10
49 50 10 60 69 18 90 90 48 49
10
44 80 51 23 48 35 76 62 91 16
10
90 0 74 59 36 10 95 69 21 82
10
93 7 59 14 88 59 47 98 96 92
10
75 81 60 44 55 94 4 1 60 90
10
82 63 28 40 22 10 89 44 0 12
10
23 64 5 90 48 3 45 9 32 74
10
55 13 15 80 49 39 94 6 16 33
10
98 23 40 3 84 11 60 81 66 59
10
16 29 2 61 30 32 89 12 62 36
10
44 20 96 33 95 89 56 10 67 75
10
12 34 68 95 86 83 35 52 32 42
10
91 71 11 39 36 49 66 57 57 71
10
38 13 72 61 1 22 56 6 12 55
10
0 37 98 2 48 19 77 25 7 7
10
34 31 22 25 47 95 50 95 53 22
10
79 76 17 91 99 22 14 30 73 16
10
81 60 80 95 82 66 49 49 8 0
10
36 47 65 86 38 8 81 78 14 25
10
7 8 52 30 96 81 12 56 44 72
10
94 6 35 56 29 19 71 1 31 21
10
37 89 90 97 95 97 40 88 70 20
10
20 84 85 73 82 21 8 62 43 51
10
49 50 11 3 66 9 66 51 59 22
10
26 79 9 12 27 58 62 71 19 53
10
37 85 63 37 51 18 24 1 42 85
10
21 42 65 79 97 83 60 68 35 72
10
45 31 39 88 58 90 20 15 0 48
10
46 72 62 26 69 28 47 83 17 79
10
77 8 66 37 5 26 83 83 67 53
10
14 44 25 60 74 24 63 89 98 18
10
82 36 12 41 76 0 25 83 85 86
10
35 38 68 42 61 7 80 17 50 43
10
90 25 98 19 4 81 31 3 71 60
10
1 23 84 66 20 2 20 23 46 38
10
93 16 43 13 71 97 63 40 9 45
10
27 41 54 39 76 46 36 85 13 6
10
37 64 34 98 12 43 50 28 47 94
10
29 28 75 28 94 55 20 11 91 33
10
31 64 95 2 2 82 94 80 49 85
10
8 4 8 84 99 9 60 20 33 73
10
66 57 53 6 90 78 62 71 26 86
10
88 9 52 10 13 2 55 52 17 17
10
90 66 39 87 52 39 17 38 2 76
10
75 94 59 35 93 89 3 82 2 68
10
46 49 78 20 86 35 66 60 49 12
10
53 31 6 39 79 39 33 81 90 76
10
22 35 16 55 66 46 46 27 18 87
10
66 77 53 90 3 61 85 53 72 37
10
3 28 77 33 64 10 40 20 54 11
10
69 95 86 59 14 18 92 14 70 88
10
37 67 72 42 22 84 15 90 22 51
