100
2 4
10 5
3 12
7 7 7
3 12
4 2 1
5 1000000000
25 25 25 25 25
2 2
1 1
5 5
1 1 1 1 1
5 448257424
1 2 3 4 5
5 915742169
18 7 21 11 25
5 648928985
24 24 24 24 24
5 547811599
4 4 4 4 4
5 81078147
16 16 16 16 16
5 891264861
22 22 22 22 22
5 385206219
10 10 10 10 10
5 144888097
7 7 7 7 7
5 695794903
16 16 16 16 16
5 409233408
12 12 12 12 12
5 819124640
21 21 21 21 21
5 332784040
16 16 16 16 16
5 414807519
16 16 16 16 16
5 843303832
4 4 4 4 4
5 195960048
15 15 15 15 15
5 392141021
5 5 5 5 5
5 264861505
8 8 8 8 8
5 499810241
3 3 3 3 3
5 942129939
6 6 6 6 6
5 701057084
1 1 1 1 1
5 326605281
20 20 20 20 20
5 911341855
18 18 18 18 18
5 60173616
24 24 24 24 24
5 818828998
14 14 14 14 14
5 532231292
8 8 8 8 8
5 278760617
24 24 24 24 24
5 184632682
19 19 19 19 19
5 175305004
1 2 3 4 5
5 160595712
1 2 3 4 5
5 291316818
1 2 3 4 5
5 69776890
1 2 3 4 5
5 821276702
1 2 3 4 5
5 453782246
1 2 3 4 5
5 942966867
1 2 3 4 5
5 144699031
1 2 3 4 5
5 796162377
1 2 3 4 5
5 958583037
1 2 3 4 5
5 480869088
1 2 3 4 5
5 146147301
1 2 3 4 5
5 731681462
1 2 3 4 5
5 232749307
1 2 3 4 5
5 950399288
1 2 3 4 5
5 784423908
1 2 3 4 5
5 419427499
1 2 3 4 5
5 518916085
1 2 3 4 5
5 725559801
1 2 3 4 5
5 206906862
1 2 3 4 5
5 111881107
1 2 3 4 5
5 842038911
1 2 3 4 5
5 791019463
1 2 3 4 5
5 316897704
1 2 3 4 5
5 772438393
1 2 3 4 5
5 124303280
20 11 4 18 6
5 289416552
18 25 1 12 25
5 689895008
19 24 14 11 4
5 104603185
19 24 5 19 25
5 96740998
6 24 3 17 24
5 432293915
8 15 20 15 16
5 808282471
23 7 7 24 23
5 676934774
3 4 13 8 25
5 703481062
13 22 14 9 1
5 579687285
1 1 17 5 8
5 335143284
1 1 12 6 4
5 621533445
25 17 11 15 5
5 987620309
5 7 14 19 25
5 149915869
15 3 13 17 11
5 778483591
8 2 1 8 1
5 18034872
17 10 18 24 9
5 258013907
8 22 22 6 5
5 415176316
21 9 12 21 12
5 897532039
19 22 6 18 20
5 360086672
15 8 16 3 2
5 861407450
11 17 8 7 12
5 987291838
7 9 16 24 5
5 537532598
12 17 8 10 23
5 235685326
4 10 10 4 15
5 666134756
19 23 7 19 6
5 1445485
14 24 23 4 11
5 490325655
12 12 3 24 18
5 368446367
11 13 24 8 22
5 683951135
24 15 20 18 25
5 358651433
6 1 13 15 3
5 929477468
18 10 4 7 6
5 480972079
12 9 1 1 17
5 29244794
15 10 16 18 16
5 299381705
13 10 22 17 22
5 728618801
2 13 15 15 19
5 207242571
1 14 2 23 5
5 791201138
1 7 12 13 23
5 91251635
5 21 1 14 17
5 788012788
19 11 8 21 17
5 992670773
19 9 20 22 3
5 881769088
18 8 12 14 7
5 570978337
16 22 22 24 8
